atom2 : 0.08147669910577982
finalKappa : 0.3534499295692708
