finalKappa : 0.17326589637132628
male : 0.06128369310773252
