atom1 : 0.3034551546879154
finalKappa : 0.21346569389668701
